10 10
7 9
1 | 1 | 1 | 1 | 1 | 0 2[7(14,5)3] | 1 | 1 | 1 | 1 / 
1 | 0 3[7(4,9)] | 0 1 | 0 | 0 | 0 1 | 0 | 0 1 | 0 4[6(0,5)] | 1 / 
1 | 0 1 | 0 1 | 0 | 0  | 0 | 0 | 0 1 | 0 1 | 1 / 
1 | 0 | 0 | 0 | 0 | 0 | 0 | 0 | 0 | 1 / 
1 | 0 | 0 | 0 | 0 | 0 | 0 | 0 | 0 | 1 / 
1 | 0 | 0 | 0 | 0 | 0 | 0 | 0 | 0 | 1 / 
1 | 0 | 0 | 0 | 0 | 0 | 0 | 0 | 0 | 1 4[6(7,1);6(7,2);6(7,3);6(7,4);6(8,4);6(1,5)] / 
1 | 0 1 | 0 1 | 0 1 | 0 | 0 | 0 | 0 | 0 | 0 2[0(2,0)2] / 
1 | 0 4[6(2,1);6(2,2);6(1,2);6(1,5)] | 0 4[6(1,7);6(2,8);6(2,7)] | 0 1 | 0 | 0 | 0 | 0 | 0 | 1 4[6(7,9)] / 
1 | 1 | 1 | 1 | 1 | 1 | 1 | 1 | 1 | 1 / 
